window.PORTFOLIO_DATA = {"tickers":["SPY","QQQ","AGG","GLD","VNQ","VEA","VWO"],"names":["US large cap","Nasdaq 100","US bonds","Gold","US real estate","Developed markets","Emerging markets"],"period":{"start":"2018-01-02","end":"2025-03-31","observations":1820},"method":{"source":"Yahoo Finance via yfinance","prices":"Adjusted daily close","annualisation":252,"risk_free_rate":0.02,"constraints":"Long only; weights sum to 100%"},"annual_returns":[0.13644865,0.18605604,0.01504354,0.12571392,0.0772902,0.06287058,0.04611316],"annual_volatility":[0.19366106,0.24068997,0.05949294,0.1429202,0.22710802,0.1817601,0.20185123],"covariance":[[0.0375046048,0.0435013578,0.0015678245,0.0029812816,0.0331791751,0.0306170875,0.0292287067],[0.0435013578,0.0579316636,0.0019542884,0.0040551758,0.0329990751,0.0336741532,0.034936979],[0.0015678245,0.0019542884,0.0035394102,0.0030602899,0.0036901314,0.0020752631,0.0016501136],[0.0029812816,0.0040551758,0.0030602899,0.0204261848,0.0049765367,0.0057715735,0.0062991682],[0.0331791751,0.0329990751,0.0036901314,0.0049765367,0.0515780516,0.0293065419,0.0257539132],[0.0306170875,0.0336741532,0.0020752631,0.0057715735,0.0293065419,0.0330367327,0.0307641514],[0.0292287067,0.034936979,0.0016501136,0.0062991682,0.0257539132,0.0307641514,0.040743919]],"correlation":[[1.0,0.9333,0.1361,0.1077,0.7544,0.8698,0.7477],[0.9333,1.0,0.1365,0.1179,0.6037,0.7697,0.7191],[0.1361,0.1365,1.0,0.3599,0.2731,0.1919,0.1374],[0.1077,0.1179,0.3599,1.0,0.1533,0.2222,0.2184],[0.7544,0.6037,0.2731,0.1533,1.0,0.71,0.5618],[0.8698,0.7697,0.1919,0.2222,0.71,1.0,0.8385],[0.7477,0.7191,0.1374,0.2184,0.5618,0.8385,1.0]],"total_returns":[1.33786374,2.10647364,0.10057965,1.30235726,0.44715993,0.39632449,0.20314128],"min_volatility":{"return":0.02224491,"volatility":0.05851783,"sharpe":0.03836288,"weights":[0.03867795,0.0,0.92721727,0.01816628,0.0,0.0,0.01593849]},"max_sharpe":{"return":0.14696492,"volatility":0.13269466,"sharpe":0.95682018,"weights":[0.0,0.35217526,0.0,0.64782474,0.0,0.0,0.0]},"equal_weight":{"return":0.09279087,"volatility":0.14061426,"sharpe":0.5176635,"weights":[0.14285714,0.14285714,0.14285714,0.14285714,0.14285714,0.14285714,0.14285714]},"frontier":[{"return":0.02224491,"volatility":0.05851783,"sharpe":0.03836288,"weights":[0.03867795,0.0,0.92721727,0.01816628,0.0,0.0,0.01593849]},{"return":0.02573026,"volatility":0.05859055,"sharpe":0.09780171,"weights":[0.05508573,0.0,0.90601287,0.03505464,0.0,0.0,0.00384676]},{"return":0.0292156,"volatility":0.05882227,"sharpe":0.15666854,"weights":[0.06718099,0.0,0.87845989,0.05435912,0.0,0.0,0.0]},{"return":0.03270094,"volatility":0.0592543,"sharpe":0.21434632,"weights":[0.07726417,0.0,0.84794493,0.0747909,0.0,0.0,0.0]},{"return":0.03618629,"volatility":0.05988533,"sharpe":0.270288,"weights":[0.08734741,0.0,0.81742997,0.09522262,0.0,0.0,0.0]},{"return":0.03967163,"volatility":0.06070914,"sharpe":0.32403077,"weights":[0.09743054,0.0,0.786915,0.11565446,0.0,0.0,0.0]},{"return":0.04315697,"volatility":0.06171802,"sharpe":0.37520603,"weights":[0.1075137,0.0,0.75640003,0.13608627,0.0,0.0,0.0]},{"return":0.04664231,"volatility":0.06290306,"sharpe":0.42354564,"weights":[0.11759683,0.0,0.72588506,0.15651811,0.0,0.0,0.0]},{"return":0.05012766,"volatility":0.06424793,"sharpe":0.46892809,"weights":[0.11533663,0.01002297,0.69963776,0.17500264,0.0,0.0,0.0]},{"return":0.053613,"volatility":0.065731,"sharpe":0.5113721,"weights":[0.11065297,0.02201589,0.67422949,0.19310164,0.0,0.0,0.0]},{"return":0.05709834,"volatility":0.0673429,"sharpe":0.55088723,"weights":[0.10595307,0.03402052,0.64882603,0.21120039,0.0,0.0,0.0]},{"return":0.06058369,"volatility":0.06907461,"sharpe":0.58753411,"weights":[0.10125314,0.04602519,0.62342259,0.22929909,0.0,0.0,0.0]},{"return":0.06406903,"volatility":0.07091734,"sharpe":0.62141403,"weights":[0.09655331,0.05802978,0.59801912,0.24739779,0.0,0.0,0.0]},{"return":0.06755437,"volatility":0.07286268,"sharpe":0.65265747,"weights":[0.09185338,0.07003445,0.57261568,0.26549648,0.0,0.0,0.0]},{"return":0.07103972,"volatility":0.07490263,"sharpe":0.68141417,"weights":[0.08715336,0.08203919,0.54721227,0.28359518,0.0,0.0,0.0]},{"return":0.07452506,"volatility":0.07702968,"sharpe":0.70784479,"weights":[0.08245358,0.09404375,0.52180879,0.30169388,0.0,0.0,0.0]},{"return":0.0780104,"volatility":0.07923682,"sharpe":0.73211427,"weights":[0.07776229,0.10604173,0.49640254,0.31979343,0.0,0.0,0.0]},{"return":0.08149575,"volatility":0.08151752,"sharpe":0.75438683,"weights":[0.07305352,0.11805292,0.47100179,0.33789176,0.0,0.0,0.0]},{"return":0.08498109,"volatility":0.08386581,"sharpe":0.7748222,"weights":[0.06835364,0.1300576,0.44559837,0.35599039,0.0,0.0,0.0]},{"return":0.08846643,"volatility":0.08627615,"sharpe":0.79357312,"weights":[0.06365379,0.14206227,0.42019493,0.37408901,0.0,0.0,0.0]},{"return":0.09195178,"volatility":0.08874349,"sharpe":0.8107837,"weights":[0.05895397,0.1540669,0.39479148,0.39218764,0.0,0.0,0.0]},{"return":0.09543712,"volatility":0.09126321,"sharpe":0.82658849,"weights":[0.05425409,0.16607159,0.36938806,0.41028626,0.0,0.0,0.0]},{"return":0.09892246,"volatility":0.09383109,"sharpe":0.84111208,"weights":[0.04955423,0.17807626,0.34398462,0.42838489,0.0,0.0,0.0]},{"return":0.10240781,"volatility":0.09644328,"sharpe":0.85446914,"weights":[0.04485439,0.19008091,0.31858118,0.44648351,0.0,0.0,0.0]},{"return":0.10589315,"volatility":0.09909628,"sharpe":0.86676464,"weights":[0.04015454,0.20208557,0.29317775,0.46458214,0.0,0.0,0.0]},{"return":0.10937849,"volatility":0.10178689,"sharpe":0.87809433,"weights":[0.03545464,0.21409027,0.26777433,0.48268076,0.0,0.0,0.0]},{"return":0.11286383,"volatility":0.10451222,"sharpe":0.88854526,"weights":[0.03075477,0.22609495,0.2423709,0.50077938,0.0,0.0,0.0]},{"return":0.11634918,"volatility":0.10726961,"sharpe":0.89819641,"weights":[0.02605497,0.23809958,0.21696745,0.51887801,0.0,0.0,0.0]},{"return":0.11983452,"volatility":0.11005666,"sharpe":0.90711934,"weights":[0.0213551,0.25010425,0.19156401,0.53697663,0.0,0.0,0.0]},{"return":0.12331986,"volatility":0.11287116,"sharpe":0.91537875,"weights":[0.01665517,0.26210897,0.16616061,0.55507525,0.0,0.0,0.0]},{"return":0.12680521,"volatility":0.11571113,"sharpe":0.92303318,"weights":[0.01195533,0.27411363,0.14075717,0.57317387,0.0,0.0,0.0]},{"return":0.13029055,"volatility":0.11857471,"sharpe":0.9301355,"weights":[0.00725546,0.28611831,0.11535374,0.5912725,0.0,0.0,0.0]},{"return":0.13377589,"volatility":0.12146026,"sharpe":0.93673352,"weights":[0.00255566,0.29812293,0.08995028,0.60937112,0.0,0.0,0.0]},{"return":0.13726124,"volatility":0.12436632,"sharpe":0.94286971,"weights":[0.0,0.30854587,0.0638924,0.62756173,0.0,0.0,0.0]},{"return":0.14074658,"volatility":0.12729216,"sharpe":0.94857833,"weights":[0.0,0.31708352,0.03705449,0.64586199,0.0,0.0,0.0]},{"return":0.14423192,"volatility":0.13023656,"sharpe":0.9538944,"weights":[0.0,0.32562119,0.01021657,0.66416224,0.0,0.0,0.0]},{"return":0.14771727,"volatility":0.13351953,"sharpe":0.95654369,"weights":[0.0,0.36464321,0.0,0.63535679,0.0,0.0,0.0]},{"return":0.15120261,"volatility":0.13831022,"sharpe":0.94861112,"weights":[0.0,0.42240292,0.0,0.57759708,0.0,0.0,0.0]},{"return":0.15468795,"volatility":0.14457069,"sharpe":0.93164081,"weights":[0.0,0.48016263,0.0,0.51983737,0.0,0.0,0.0]},{"return":0.1581733,"volatility":0.15211959,"sharpe":0.90832022,"weights":[0.0,0.53792233,0.0,0.46207767,0.0,0.0,0.0]},{"return":0.16165864,"volatility":0.16077553,"sharpe":0.88109578,"weights":[0.0,0.59568204,0.0,0.40431796,0.0,0.0,0.0]},{"return":0.16514398,"volatility":0.17036986,"sharpe":0.85193462,"weights":[0.0,0.65344175,0.0,0.34655825,0.0,0.0,0.0]},{"return":0.16862933,"volatility":0.18075322,"sharpe":0.82227762,"weights":[0.0,0.71120146,0.0,0.28879854,0.0,0.0,0.0]},{"return":0.17211467,"volatility":0.19179749,"sharpe":0.79310039,"weights":[0.0,0.76896117,0.0,0.23103883,0.0,0.0,0.0]},{"return":0.17560001,"volatility":0.20339506,"sharpe":0.76501373,"weights":[0.0,0.82672088,0.0,0.17327912,0.0,0.0,0.0]},{"return":0.17908535,"volatility":0.21545658,"sharpe":0.73836388,"weights":[0.0,0.88448058,0.0,0.11551942,0.0,0.0,0.0]},{"return":0.1825707,"volatility":0.22790841,"sharpe":0.71331594,"weights":[0.0,0.94224029,0.0,0.05775971,0.0,0.0,0.0]},{"return":0.18605604,"volatility":0.24068997,"sharpe":0.68991674,"weights":[0.0,1.0,0.0,0.0,0.0,0.0,0.0]}]};
